0 0 65 1056.1483510167825 215.55448348749906 89
0 0 66 1012.2860962321869 564.7024053788199 81
0 0 68 919.5437207098286 288.0308295809018 60
0 0 78 1198.5355305408139 188.7408358641849 85
0 0 80 1149.7418910414742 559.4226655669218 62
0 0 84 1521.0298320545853 658.9203853879353 83
0 0 94 1279.1735857576173 112.42901650571086 59
0 0 96 943.3662796072372 395.52841929341815 92
0 0 97 873.1734565674258 316.61644561332014 72
0 0 103 821.6467458707543 394.14883322721505 87
0 0 105 1044.7180316358094 336.2057228631564 85
0 0 106 1108.727155908973 477.24234678867225 89
0 0 113 1184.518758590646 135.04896663311376 65
0 0 114 1141.209570238142 251.07352796117533 60
0 0 116 868.7316039320834 129.59502915633473 68
0 0 127 870.8838558784331 40.902777096730894 34
0 0 134 884.3121179057765 501.17610024006865 87
0 0 139 959.4994784021277 180.30611618086215 92
0 0 140 1178.2121717376965 512.047820957443 74
0 0 145 1079.4856679794534 268.8360378565283 60
0 0 150 1678.3214456712396 399.34348681177255 78
0 0 151 953.671314742401 82.82118726544914 72
0 0 156 1259.032029911769 416.8857675239855 89
0 0 162 946.010075263472 148.44002958370933 62
0 0 163 1047.262713185993 169.4186391545179 90
0 0 193 917.5437300652385 218.60495414459962 85
0 0 196 1358.2205787812966 615.8732113836419 79
0 0 198 928.6055574085264 176.06275237379853 66
0 0 201 1021.4389130657789 170.9032047549367 92
0 0 207 822.8262374826435 184.24876637349908 85
0 0 208 962.8276867108025 607.253808139562 91
0 0 212 994.0380714540062 639.5942317203932 68
0 0 216 1185.0947680987374 729.5219873849759 87
0 0 218 1106.7942481836901 825.3728170405026 86
0 0 220 1007.600602239207 608.7071215808809 86
0 0 227 992.932320830579 564.7743188655094 90
0 0 234 915.6270819088959 297.25280401063924 65
0 0 235 978.780415395864 797.0150563195152 77
0 0 236 838.9186561990084 430.7171671482016 93
0 0 245 1032.351529125375 267.60313546435054 89
0 0 247 1016.6484842977931 623.3659984060328 91
0 0 249 935.7286588786702 164.2813844932396 92
0 0 283 1322.8592626981338 233.4928732852461 88
0 0 286 1135.6470734302206 409.6692227521034 88
0 0 287 1172.1230064327133 108.40218940578991 88
0 0 288 853.6702515828346 768.956900511173 91
0 0 289 1085.360085697369 503.39785018298164 90
0 0 291 927.5757592037968 355.09016326540444 59
0 0 295 1064.983320365277 658.6966252688903 80
0 0 300 930.4862587563423 140.13119419641745 79
0 0 321 888.218709869647 325.6196616644947 80
0 0 331 866.4576545841696 705.0562062036261 87
0 0 352 963.4765338346336 188.65535900795894 80
0 0 353 1168.2427575743836 305.5416073599879 66
0 0 373 951.4782370776142 373.65987188835135 84
0 0 381 882.5610349821421 88.12235146729233 80
0 0 387 1105.1372935070103 743.9203796442197 66
0 0 417 819.6294906560677 106.22724451866077 82
0 0 425 984.776307087046 194.94230357786162 69
0 0 428 948.0051300296321 184.06767156359572 62
0 0 432 1172.9780283867747 285.18334845556484 40
0 0 436 824.1940476156085 132.31358865281942 92
0 0 448 1405.1992824640568 253.11119175300212 79
0 0 453 938.6607480874013 293.01018915263955 79
0 0 461 1408.7697869062922 331.4286782250444 78
0 0 464 965.7053880373531 519.9915660467635 84
0 0 483 1091.0045722005477 189.65068629588453 79
0 0 485 1105.6167891159214 287.60066705766974 89
0 0 491 916.4521788895513 238.33476960431884 56
0 0 492 1184.6393867175361 328.93398932907115 78
0 0 493 952.236850029806 199.66019717494396 88
0 0 495 951.2661601113786 302.9947787297662 85
0 0 508 1158.3171783008638 309.96401945931564 73
0 0 514 1401.7128138459746 106.68713793612132 87
0 0 534 953.400947758864 146.89310352193084 80
0 0 545 1203.6982660222618 143.68798042207092 86
0 0 569 850.2706129429471 819.9111589640368 87
0 0 713 1097.5183280787387 129.37395455495476 56
0 0 782 950.7720326176052 162.25174245501188 82
0 0 837 1072.0043945222426 121.91949107787279 82
0 0 841 827.4819201197087 89.92224714929644 57
0 0 853 866.9767266376012 100.85104187714214 73
0 0 951 1107.1848310015812 125.6344319764565 79
0 0 964 1174.7702900461009 57.672255993052026 89
0 0 1015 923.7276928759564 292.1154540187193 88
0 0 1115 896.6583636990213 92.1737595692234 90
0 0 1226 889.523661152417 146.7881034500178 79
0 0 1257 836.7227269980182 43.95054448021573 56
0 0 1431 1069.5436271197636 127.47498414211022 89
0 0 1477 949.8193084739856 541.4642239884137 91
0 0 1533 950.2032101740132 78.42742901470562 56
0 0 2378 1333.467189732747 91.6412064399713 79
0 365 583261 1268.8881020897784 86.94278256172386 84
0 2358 747069 1345.6626961452394 420.95139755268957 87
0 2597 755979 1815.9637617631627 402.42316676772873 84
0 2858 764695 1540.653656237041 248.540334456125 84
0 3198 775298 1856.9592584383752 396.1146555134006 83
0 3332 778758 1964.7299949675019 439.2258576221421 83
0 3765 790088 1688.2250826496747 539.6848074628839 83
0 3891 793245 2055.8479470160237 136.63997820029877 81
0 4099 798250 2017.8979161493774 530.7598450260165 81
0 4210 800643 1605.5807993137562 318.8921688157789 71
0 4537 807634 1451.0388035386925 276.66589698531243 87
0 4893 815008 1642.713075981317 469.70435972734487 78
0 5048 817928 1960.1483202808913 537.26344722003 81
0 5226 821079 1902.5253447720481 278.5407899746238 83
0 5250 821515 2156.946068808861 304.826562816362 83
0 5642 828521 2090.755331676472 368.0364978769514 82
0 5779 830908 1519.2122453546597 260.6589890086766 85
0 6189 837544 1394.4810309585157 290.6567630137834 88
0 6195 837617 1841.5547344143076 380.5220663361719 84
0 6432 841095 1673.901860175799 300.3131355270981 80
0 6567 843079 928.3600743969847 489.6809350036808 89
0 6703 845101 1246.8740194231734 81.89693402896549 40
0 7194 851948 1198.6095264409507 208.74231294652245 76
0 7277 853067 2168.692002106339 221.64065945678487 83
0 7605 857240 1383.8325630292127 236.00838662456235 80
0 8003 862390 1906.695392639448 121.66201542015384 84
0 8107 863622 1802.55854620592 169.4522021931996 81
0 8263 865538 1451.3069837003818 163.05510805159938 59
0 8417 867356 1430.6901320363716 826.4544281900847 61
0 8475 867960 1844.750398089129 492.14428728952925 85
0 8593 869308 1447.4649823052716 35.548205031779666 50
0 9125 875042 1602.3722745510795 268.2671197865921 86
0 9130 875089 1178.5645831105312 122.39493561284257 64
0 9414 877973 1291.6800575582756 543.5708792616194 81
0 9855 882526 1540.9977997226342 127.33483720726848 82
0 9999 884005 1625.1331964642159 164.39410312592761 84
0 10082 884842 2005.5699782106833 214.28122407986208 82
0 10593 889735 1685.1507362566263 302.113478201383 85
0 10750 891176 2259.697940267681 150.76853249476497 80
0 10938 892842 1774.8456711077724 407.90727017847223 81
0 11139 894663 1703.7933940732075 341.9609033199761 81
0 11778 900204 1685.5081670671311 333.10268452460724 79
0 12018 902203 1552.9796083859246 230.0692191081951 83
0 12507 906316 1218.3948905732493 136.7031062478556 51
0 12864 909255 1593.364480946097 432.67489802715914 64
0 12891 909452 2311.3298931567515 283.22907445769766 80
0 13023 910459 1768.0847711047395 372.25927099771474 79
0 13362 913099 1218.6451429251256 138.11449823977003 88
0 14231 919593 1611.5600994382935 823.3790989726422 84
0 14232 919596 1715.2944991312716 275.4019771596375 79
0 14327 920288 2261.3639958719987 308.8750648143396 81
0 14333 920328 1457.512162256288 212.3048722112812 84
0 15897 930760 2255.6987692287285 130.67685965920143 81
0 16393 933919 1821.7163760277008 301.4363207524103 80
0 16436 934186 1441.7754679560892 141.77168465983982 82
0 16695 935715 1651.3462216476594 207.98305618524853 85
0 16922 937114 2317.752622423282 156.40188566324824 59
0 17028 937756 2121.758733928059 144.31588007626706 80
0 18038 943627 1356.4186876661645 62.78093063554285 56
0 18195 944534 2085.5115304763963 374.6819106651501 83
0 19982 954248 1197.524968139039 126.57805160107831 87
0 20482 956715 1146.5995300984014 651.3804466885117 79
0 23205 969818 1884.1121479194117 215.8727629986875 81
0 23902 973093 1513.6862187223612 128.69794059000856 85
0 23979 973433 2298.7584964497682 161.4675305680197 81
0 24373 975167 1933.711400713664 329.6414630179659 81
0 25691 980692 1683.2344863201622 557.9614822055372 79
0 26230 983030 1487.0775805144633 333.1925339026034 84
0 28246 991231 1908.9155298231506 211.00312491900667 81
0 29055 994315 1397.4936633353655 117.82905953591485 89
0 29758 997077 1454.4114795865457 296.02255250743576 83
0 30737 1000720 1643.4505109772092 339.0508469564697 79
0 31388 1002959 1181.5158959997111 214.0672992162745 81
0 32353 1006270 1499.7170462290544 121.68095004925345 82
0 32518 1006821 1053.0646744127798 215.6090075591115 79
0 32568 1006976 2300.1765608182127 298.74048837499623 81
0 33688 1010734 1102.0125835828735 168.43384301456834 80
0 35336 1016171 1560.422498876506 156.58071797074624 81
0 35340 1016184 1529.5515989171467 150.17642294252616 82
0 38525 1026324 1565.281885645765 129.4534695369208 81
0 40218 1031344 1277.0905305262388 210.09837096382546 80
0 43083 1039719 1164.7362974416676 124.9716818509235 88
0 43154 1039904 1890.7438020525149 631.03801495501 78
0 43852 1041864 1846.911936496127 187.69703254284715 81
0 54814 1070479 1614.0748801558123 65.43769007147844 84
1 1 63910 673.2320125881103 133.27731760357335 91
1 1 63913 839.2566884228568 86.17633865153351 89
1 1 63919 743.471730087931 74.1599652066607 85
1 1 63920 727.4994786630971 167.014707363112 77
1 1 63924 819.2569782051847 215.62957649128862 92
1 1 63932 673.7171142252511 558.9506560846852 91
1 1 63937 807.3985702067318 258.5486204660498 88
1 1 63938 846.3111438744581 306.1288795085178 70
1 1 63942 963.3035880418877 92.31498203543738 78
1 1 63949 833.7461909583157 334.11372095573057 74
1 1 63954 1118.151110650971 161.45845106682535 73
1 1 63956 996.6955794649638 414.3493119276559 74
1 1 63959 951.8066497127975 331.34857247331325 76
1 1 63960 943.650168560892 177.26304187330032 79
1 1 63962 711.3215902706427 190.04113966619175 84
1 1 63963 767.2261016494721 584.0243799006677 75
1 1 63964 815.7975104920337 190.43566961757801 77
1 1 63965 767.5732555904706 116.24099573518826 92
1 1 63966 798.1903672086548 87.51874014580525 92
1 1 63970 1130.2275476957338 237.27940747547825 81
1 1 63971 908.9551641739628 147.8648609029331 79
1 1 63976 749.9451763816639 566.2606489582282 92
1 1 63977 700.4918445055232 142.15203884727612 93
1 1 63981 858.7421260556047 319.5244299394414 68
1 1 63983 874.0802152298438 121.8447127831287 88
1 1 63984 815.6918123976113 82.53152143382484 82
1 1 63998 779.8337162498169 143.5764458425589 91
1 1 64005 694.0094939799995 233.7682604832722 91
1 1 64011 823.7652597220886 126.47852351205734 60
1 1 64013 875.1167332847658 163.99522634862493 79
1 1 64023 1078.4561443440514 370.1228801095864 74
1 1 64027 1232.930474393224 226.7893943338714 73
1 1 64028 706.4349038924252 103.88872032582506 91
1 1 64036 911.5797500081932 140.3042903274071 81
1 1 64040 933.9941220476343 139.0190684460285 80
1 1 64042 786.3776677295148 357.521655129754 67
1 1 64059 793.9743826550704 98.89504157462534 86
1 1 64064 950.2486352265917 205.93511044587675 79
1 1 64078 852.5752212048507 148.70329492608764 67
1 1 64080 674.43993076837 80.48341148953551 84
1 1 64094 1234.4679173889049 217.10910961660642 79
1 1 64131 693.0898872418173 333.46259570508806 93
1 1 64159 660.6744925878779 110.33040920043729 88
1 1 64239 654.564536483512 106.6366253828715 90
1 1 64611 745.0584649616013 152.01501470994774 91
1 2666 758330 1102.915025164847 151.305800657146 73
1 2666 758331 1043.7347678529254 214.41362625775446 71
1 3734 789338 1038.5682226628157 403.54376202723506 72
1 3734 789339 1006.9963323077446 324.9085024401266 80
1 6043 835374 780.9100560403867 145.53329349039058 91
1 6435 841141 1113.1133952406028 272.70200189206076 75
1 8259 865487 887.3657204754982 171.0979399034807 90
1 8416 867349 1335.9321074509676 281.7026917851345 70
1 9145 875214 833.6678862300324 422.7504620044785 71
1 14891 924142 898.1234971662357 243.08447530393434 77
1 16299 933369 849.4934491314148 114.96252932235511 83
1 29408 995724 1388.69641829577 161.96850882675466 78
2 2 96795 1012.4763626918732 93.24168774167626 82
2 2 96796 628.058653212421 280.9034951546312 92
2 2 96807 742.8654403726156 194.98568125263634 67
2 2 96811 966.4939658050122 361.8610742712649 74
2 2 96813 778.1276317726578 229.21789206127787 67
2 2 96824 802.0383796926428 110.72778062978703 88
2 2 96825 683.3770006372763 267.52047531341236 92
2 2 96832 766.8987229014642 130.4010839218305 90
2 2 96837 735.8697515332578 107.98496904680329 90
2 2 96842 765.7950206627587 118.0639258036589 90
2 2 96848 633.0474648661327 155.30687709891907 93
2 2 96858 926.0713137361506 226.11922044680048 71
2 2 96859 996.9807820050996 111.0950850394466 88
2 2 96860 935.2355986595036 143.8105633077643 68
2 2 96864 619.4042879049192 63.79495694549254 93
2 2 96877 737.3661701600396 36.696928356216 92
2 2 96902 582.0008658176549 124.05393940868021 56
2 2 96904 660.0120530386168 100.66021749120144 83
2 2 96917 695.5317119770475 121.69670752755341 52
2 2 96926 972.4273870116235 57.99289909829647 86
2 2 96930 701.0828510686166 75.45760223635529 57
2 2 96947 662.8943504977811 85.66900234773857 47
2 2 96955 707.3703475505247 75.10154360468658 63
2 2 96957 666.9325010355246 113.24196624892149 52
2 2 96963 746.3605131737611 89.44115606335383 79
2 2 96979 615.877365785998 57.30913957334986 89
2 2 96987 793.976407332353 175.36686821462948 84
2 2 96993 689.5746396103543 69.71004520312464 51
2 2 96996 723.187864596745 135.96434092052638 76
2 2 97003 630.9555849624539 163.10830179740813 87
2 2 97005 809.8950356373348 211.14325210606984 75
2 2 97026 576.2832792722256 50.4911946088843 91
2 2 97082 1005.4954049694473 154.718089226144 87
2 2 97096 745.3696160308341 225.98078688251147 90
2 2 97139 649.200969221011 291.7843726404612 91
2 2 97298 641.9412628589453 121.12398941988444 53
2 1737 719882 1009.0369151293474 355.19283120851264 76
2 1980 731875 855.5789546595042 294.8277337329801 84
2 2036 734365 812.8456644522071 214.96109054146834 89
2 2383 748208 714.5836326712675 145.0467016319119 91
2 3495 783254 968.8355192493046 256.8029038880061 80
2 3646 787085 969.8025845389956 121.30664010612894 76
2 3920 793964 1292.2597757900692 154.27977516005623 72
2 4121 798673 915.9684765318074 32.99827455575862 71
2 4452 805885 1207.9044402264403 321.44313564474356 73
2 4452 805886 1309.9221112340992 382.78394536360196 77
2 4856 814202 1117.0290691858695 312.0183992095859 81
2 5050 817961 796.1663613843529 209.40154740746456 71
2 5424 824779 882.117584902234 282.1910264176113 70
2 5440 825042 838.3958003630543 117.60512771326395 63
2 5804 831332 918.8175612914133 184.36249891412126 67
2 7053 850019 1170.87352540742 128.0893781464541 84
2 7515 856142 1414.351817087955 123.94281871654108 68
2 8316 866170 1131.5560268904883 155.5123144836276 76
2 8391 867007 969.3231772092319 215.68636128719987 64
2 8744 870937 879.0701652705261 180.42345214957862 84
2 8809 871608 1064.1930555002696 95.67668257151595 70
2 9891 882893 1246.1642460466437 310.7112206639541 76
2 10023 884214 1209.4648222457733 201.4072803503513 80
2 11800 900381 1401.6804646566206 141.6175820679807 72
2 14451 921219 1176.128766334707 250.78402354385287 69
2 15434 927774 1111.9048627594561 86.402946224136 71
2 21752 962899 1065.003731734494 114.97871201891807 75
2 25879 981552 1258.8139910497102 122.4415976056289 71
2 27743 989220 1035.5217434945537 212.73837550643384 64
2 30960 1001524 916.6750719311615 107.47951408182689 78
3 3 117289 474.6121977796715 160.4098854923785 77
3 3 117293 511.6085693643826 180.6714903878441 93
3 3 117294 498.4600425936868 98.80160217221619 79
3 3 117297 584.1685062976264 130.5191741537516 78
3 3 117298 604.0599157665881 201.18846169485124 91
3 3 117301 920.6326883589351 296.8643188868022 88
3 3 117307 580.3456826134964 337.8486798386964 77
3 3 117309 569.1967905110894 253.60010991139242 85
3 3 117315 645.9677151859062 367.89571063855857 79
3 3 117320 598.8210039123231 69.49890673758635 88
3 3 117322 581.3778438035156 237.61417280370188 65
3 3 117325 772.723684494092 306.2901568060097 77
3 3 117327 583.1791120307588 345.8789866954915 87
3 3 117338 628.9015131809193 335.39831102522595 82
3 3 117339 597.8952112149335 226.03312953408545 80
3 3 117340 593.1028413932528 227.70690711279488 91
3 3 117345 894.1366175095864 187.63160745777216 89
3 3 117348 471.4238178281036 320.97474095678524 73
3 3 117358 820.1419132153288 240.43780563569086 81
3 3 117359 534.4481206576266 130.38414172767523 92
3 3 117362 558.9732518706068 463.883785032011 90
3 3 117363 752.9334948428381 343.6926219924103 76
3 3 117373 584.274643789203 306.9489584376163 78
3 3 117381 605.1871381382529 351.11812053824923 88
3 3 117386 906.1453010641422 222.19771960828288 88
3 3 117388 713.2837356199846 310.3002439477658 82
3 3 117389 867.0340081489155 394.90088000959 81
3 3 117391 873.7483251028966 240.0719790286782 89
3 3 117392 521.0488458679027 208.06462388058978 91
3 3 117395 475.78911923269595 158.80096078961574 89
3 3 117408 816.4673361940313 234.1790097206622 81
3 3 117411 555.8455595502921 253.67660768991394 63
3 3 117413 597.5199999698103 178.02949331018513 81
3 3 117423 789.6094781154084 190.15917468991603 88
3 3 117435 634.9580640987738 157.13360819759507 87
3 3 117491 529.1489223566934 248.12657036656717 92
3 3 117521 723.7233197869996 76.567463965355 84
3 3 117664 596.6798457958055 85.64487005081932 84
3 3 117724 818.4226068202736 224.4855101397311 88
3 3 117754 913.4149982260939 98.0003606050046 85
3 3 117875 597.8925037537449 99.50320935464846 82
3 3 118090 872.5990492422768 194.0384260052672 88
3 74 436938 825.0344890991679 474.88340879959685 78
3 74 436942 1341.5517659132652 197.37816545341053 60
3 2144 738736 1216.0643646873714 298.53129375261375 72
3 4544 807790 1091.0566123029546 106.50384014889407 68
3 11252 895646 859.6674775022026 309.6841094076816 58
3 14210 919460 1376.0006614506042 211.44368778818807 72
3 18218 944655 1255.452876012939 93.26414206602931 75
3 20505 956816 1015.7696092962823 55.61927687102523 65
4 4 143905 462.8456394279846 235.97377995942392 92
4 4 143908 626.7518230178912 236.52697619411046 82
4 4 143913 895.5270009190119 402.20062624267507 91
4 4 143916 608.9143583467064 221.67681729970096 87
4 4 143917 480.2901363887298 443.0099371835347 92
4 4 143925 551.9759445477448 391.53534672411763 93
4 4 143926 905.5299682713433 245.78322968846706 88
4 4 143927 698.3946536773863 383.4840843747626 87
4 4 143928 503.3933208230108 62.97525695045693 90
4 4 143929 929.7549408311849 200.8936000110273 89
4 4 143934 813.7401929132541 251.6047848778665 76
4 4 143936 776.7040892048271 308.71574803682677 88
4 4 143939 789.4137337092318 445.54124388209 90
4 4 143946 798.5589755929113 197.95986161725673 91
4 4 143948 742.041779115654 394.69107808403857 89
4 4 143950 786.2760205352507 234.215925704286 88
4 4 143953 588.572594132258 401.75177590263115 87
4 4 143959 464.649963283014 309.7776672470112 85
4 4 143976 553.087097041743 335.6113824053052 92
4 4 143980 523.2462038503003 113.84535033959584 73
4 4 143982 695.4679524259637 273.9146711483569 88
4 4 143990 545.5409872319402 28.238185336242562 70
4 4 143993 677.3573633246682 212.19086343293404 83
4 4 143998 598.5169235806954 76.9424449840661 89
4 4 144027 824.2539477081684 55.64856198655878 89
4 4 144029 587.513693324462 262.15052722773845 93
4 4 144030 1047.5280780097257 282.31823608435445 90
4 4 144058 592.4913323263353 110.74506968251171 89
4 4 144084 676.3572025414437 122.8366366131603 92
4 4 144115 900.772194772352 378.98852586110706 90
4 4 144210 734.4381409026222 82.28681824384485 90
4 4 144307 886.9757067117876 321.5799717374456 87
4 4 144322 562.5783070493387 210.75481180329476 90
4 4 144337 484.7257557551372 178.27022725565044 87
4 5772 830829 636.7439592881439 191.02506686787208 88
4 9082 874587 1135.4145512212708 482.71371157628204 82
5 5 167440 757.7057991892368 379.0705088550067 70
5 5 167444 726.5970556298724 74.48142169517426 66
5 5 167450 448.5083219336626 241.06703329784375 82
5 5 167451 618.4835435779661 153.93154257592784 72
5 5 167452 445.33805409135545 79.82577294352679 83
5 5 167454 797.9314172476601 138.45366546418606 80
5 5 167458 636.2158911535062 305.2649863873394 82
5 5 167470 778.7926631697497 210.05578678825398 87
5 5 167477 403.1581907060781 157.02980176570983 89
5 5 167482 503.0754172967322 270.04926398801524 77
5 5 167491 448.0427530869683 353.0711034643907 75
5 5 167495 527.5493016060205 198.9645391048302 79
5 5 167569 1397.5751265584975 33.115438902439024 64
5 5 167605 438.16642769543057 24.885788308124717 71
5 4117 798586 746.9244993168644 323.1799064810883 73
5 6738 845657 580.5390460463233 237.60689334823928 70
5 12330 904826 1374.147622164373 154.90039169626476 66
5 14698 922886 804.4946425445061 37.62534065979503 87
5 52669 1065215 483.8679957433509 54.727357022973166 89
6 6 184956 839.6697813276387 209.54659042697477 72
6 6 184961 487.34638655506745 208.9886313818888 93
6 6 184962 872.7227190442205 166.72517413817943 87
6 6 184965 816.0986980512453 101.48383912964758 68
6 6 184966 499.3778829594015 169.38716294651533 70
6 6 184973 716.4731361906129 60.970388760972014 75
6 6 184975 529.6812868367166 123.18957895569434 88
6 6 184976 537.8940506880747 274.43793056786996 92
6 6 184977 1006.9195685744344 89.24004336258174 75
6 6 184982 800.6796453833767 139.62910792797368 84
6 6 184987 1009.9439456907992 107.9119941338116 80
6 6 184991 887.0813041848954 205.75148916342926 88
6 6 184992 869.0104387049244 178.8064858346192 88
6 6 184994 936.9964126632236 252.95067733851914 70
6 6 184997 852.3141166938542 239.16667179900728 79
6 6 184999 597.3811613644382 188.6779528006568 91
6 6 185006 496.4124183201907 355.63180463612923 68
6 6 185009 639.0098771121421 235.13170656802913 63
6 6 185013 840.7691314634922 157.1471719203948 78
6 6 185016 883.1420247828205 123.5209589791502 89
6 6 185017 845.6828382382045 93.62096222267297 89
6 6 185019 739.2953121681146 457.2084966128692 85
6 6 185020 500.88699059144074 165.69993145791054 82
6 6 185023 540.5597790173146 114.46153179449499 84
6 6 185024 575.3229867322354 67.51109708766751 55
6 6 185026 582.5723709401369 267.1057225413052 49
6 6 185033 641.4542894616498 51.9222217769792 67
6 6 185039 596.6723347030596 113.8240603965554 90
6 6 185041 686.6049742209854 265.32033814982503 63
6 6 185048 500.9950678234252 103.41396009995307 79
6 6 185050 488.4801704809777 141.0996060090813 91
6 6 185059 512.0922825618201 145.38159227717543 61
6 6 185083 978.4492274129506 147.43566360397253 84
6 6 185089 469.04722503859495 95.96354237336047 74
6 6 185124 497.00851193666693 102.78459800980637 82
6 6 185139 546.680560969738 145.68815187809972 79
6 6 185160 596.2818001830109 60.2560211591962 64
6 6 185520 537.6878341856453 83.33495164507843 91
6 7439 855177 855.7938728642729 172.85768721493665 79
6 7493 855870 919.8385616466552 115.89049702113063 83
6 7670 857954 871.142192038705 315.7055188136169 84
6 12453 905868 978.2996747735887 69.10489587070356 87
6 13316 912737 1316.461179770143 124.2789329445185 69
6 16630 935360 1030.7065992560638 44.35699619903435 67
6 16908 937030 1173.7124894165947 210.86988962761492 67
6 19790 953273 752.5650875090473 47.01323728624797 87
6 26252 983136 1079.1531700611943 47.4954176449226 70
7 7 198189 461.8234029028304 446.9896359191571 96
7 7 198191 492.32009721826313 78.16366446192107 93
7 7 198192 520.6482193951833 165.2871148101558 81
7 7 198195 605.391641057671 188.65778463819044 90
7 7 198196 474.871676745413 205.52376461680927 59
7 7 198197 665.6822127333803 58.6570031306226 76
7 7 198199 671.190732951521 174.8252985404733 89
7 7 198204 1067.923510837738 232.00455654536722 63
7 7 198206 684.4005246381682 350.0230879661726 82
7 7 198207 494.80397989064824 145.10274406588326 92
7 7 198208 658.2910885676622 221.7418284324419 81
7 7 198209 1065.1604779327854 258.8536665823473 70
7 7 198211 518.0851763947701 347.3220964348151 91
7 7 198219 671.2535061593719 125.63265485073437 83
7 7 198221 501.96124142270685 73.89963715790702 89
7 7 198226 498.4090009485809 239.360300625699 53
7 7 198227 549.1114182107079 126.31139731551099 88
7 7 198229 668.5586259196002 162.8427650013388 70
7 7 198231 473.973347747529 53.05999440813952 70
7 7 198234 894.9984025823733 212.03254046908327 78
7 7 198244 659.1725333408071 223.63788654178208 70
7 7 198245 549.1156064243212 138.0401813777593 52
7 7 198259 610.2574956012421 59.263856450592925 89
7 1554 709506 787.8669060943923 454.77469002280776 79
7 1554 709507 783.5082487001971 227.22721347358188 82
7 2397 748804 917.1449159620305 341.31008800191506 62
7 3073 771432 936.8776913737194 90.21151157856221 77
7 3073 771433 797.3977537806179 227.8002740203576 84
7 3541 784370 827.7670240434503 367.87751172394616 73
7 3933 794267 729.1969791318393 298.114663408331 78
7 6160 837151 968.5065359388393 449.3801598604147 67
7 6501 842128 871.0717655227484 177.23995888358508 83
7 6756 845906 677.2933148754681 393.30727621719717 85
7 9781 881706 838.4504960789277 127.43942389502281 78
7 11225 895431 946.5402048381252 94.6643795981861 79
7 11623 898920 949.2538110808734 41.03755923919631 77
7 12262 904298 798.6281401566063 107.66988671116232 62
7 12866 909270 862.7892517693704 232.89838076233752 74
7 13570 914653 961.3679585936153 124.41709474326858 74
7 15188 926122 886.7429892061454 111.57884651338628 68
7 15698 929456 1079.6975705029627 140.84653730323828 65
7 19238 950276 1145.7184784706842 44.87855587952927 66
7 28063 990526 1092.2247329132865 116.96043835684355 62
7 32269 1005977 2267.5878359503517 106.30287918971639 62
7 33653 1010589 961.0808378867645 64.0568861869569 62
8 8 208822 862.4222485335272 197.49011545676154 81
8 8 208826 582.8482516681819 92.99691636090263 91
8 8 208828 498.4151131336208 97.6223072261871 92
8 8 208831 530.7743574420928 327.7414201417979 69
8 8 208832 519.1609808368089 392.8267011529026 72
8 8 208834 633.685724674503 58.55971177668594 52
8 8 208836 823.4094563535812 254.7140946620961 63
8 8 208838 506.95174513893727 379.76948446146247 88
8 8 208840 533.27002899856 316.21007189890787 89
8 8 208841 591.8522189468124 147.93751567780862 63
8 8 208849 543.9027335781187 407.3366380756217 85
8 8 208851 434.55972632822284 115.79270934772161 94
8 8 208853 566.0030987658106 415.3348599605353 87
8 8 208854 1003.3089278420181 143.50388668525468 66
8 8 208863 889.1517376128778 173.8786422380923 83
8 8 208865 630.6210310207114 290.1862144597844 85
8 8 208866 633.2208836575118 272.6015740307867 73
8 8 208870 515.898397230752 72.14388055790404 86
8 8 208871 489.7528775857429 160.4354458578205 59
8 8 208875 944.6192106478672 401.71052111369636 70
8 8 208879 473.7021331358979 135.0755083067835 92
8 8 208901 944.1094514144004 401.1636558919486 69
8 8 208903 468.1538213966445 84.63749136078914 86
8 8 209320 470.53813654097496 140.35921649739186 74
8 6795 846509 603.3410586935624 203.1757220325241 63
8 7564 856767 728.0838363498439 229.02063588278733 62
8 7629 857519 669.8449972288365 69.80512796272619 88
8 11655 899154 550.9020217801627 36.153187667419104 80
8 11931 901466 1177.3111131010571 379.14147772544743 51
8 13646 915172 539.6700597934816 160.50568548572411 84
8 15494 928209 898.5556378850449 105.93957899186053 76
8 21165 960056 701.2069712664972 189.39343945461064 74
8 34961 1015015 1241.4436153124313 83.65639701320198 54
9 9 220634 464.227176168899 139.00632703912862 78
9 9 220635 463.81522452373207 302.7892583314961 73
9 4511 807098 815.4374347311616 309.43496577936213 79
9 4511 807099 784.2428084515868 271.5024040776101 75
9 5233 821207 961.2269767236302 314.71593869760153 68
9 16389 933902 734.9170180622435 101.14064793179101 68
9 19850 953601 699.3332337317867 92.92758706642653 79
9 21347 960955 816.9519502477926 385.1657076044714 66
10 10 229945 431.4792235003905 182.31011323147877 86
10 10 229952 534.2602170218063 259.3646764700055 93
10 10 229953 487.5469688912034 144.5036849241743 88
10 10 229954 464.0279911411595 340.09610960658057 93
10 10 229958 519.1652329100052 137.50069846235954 65
10 10 229967 559.444719053418 247.54223469740344 80
10 10 229981 421.58557201504186 110.11469850193423 94
10 10 229985 560.9280673096232 381.56628274128207 90
10 10 229987 430.4983315607187 93.41743062841562 53
10 10 229990 423.91773447859987 200.6007192399128 79
10 10 229992 433.5204070852663 403.8983872542233 94
10 10 229996 534.5549733481581 187.95603785983772 91
10 10 229999 590.7640296022389 148.07491571519634 82
10 10 230019 560.2494287585811 97.17376655127514 85
10 10 230045 631.1860030020804 258.7266678909975 90
10 10 230189 490.4510141345668 191.90551213015613 89
10 10 230198 493.72928754024707 394.9105188154574 93
10 10 230377 472.70637750715565 249.63164042664866 88
10 5157 819950 773.7352734866752 159.3556920940799 84
10 10263 886480 666.4759115114364 187.18682048082005 70
10 50926 1060768 648.1499712673806 67.35288782987287 46
11 11 242827 543.1882083472542 89.00697798644521 86
11 11 242855 475.5435418090019 238.0574551000471 62
11 20382 956191 828.7481508628504 273.91209505136806 44
11 20684 957677 702.5942601074518 106.20633293853054 78
12 12 253878 423.0383589285964 384.51761581883346 95
12 12 253879 464.6468206807726 350.71307000267774 85
12 12 253882 610.8007199825897 443.97362103155973 86
12 12 253883 409.8167291923048 174.77149143596046 66
12 12 253888 504.3186442338564 331.84551275546505 87
12 12 253904 670.0369917493362 346.0672676098355 90
12 12 253905 746.0158185739093 85.27856825780768 88
12 12 253907 516.4541179592155 173.0409756683483 70
12 12 253910 656.554853299117 151.6588756083245 90
12 12 253912 476.08624255649573 60.49909430212119 75
12 12 253913 461.32576338303227 86.65274356608276 81
12 12 253917 476.8404230583855 161.60959626778035 91
12 12 253918 391.2482927279044 23.99852446432232 91
12 12 253930 457.1621575341183 78.82827600893768 88
12 12 253941 562.7975050924455 48.96472418229941 88
12 12 253948 404.85684801274203 120.48737037921623 84
12 12 253956 527.5263333007601 164.1123882483053 85
12 12 253960 404.9369284414858 237.6022535069523 74
12 12 253984 483.27409265634395 18.486364752505974 85
12 12 254084 560.9358482740306 153.5197903180144 87
12 6536 842646 828.3859353058211 157.06994800691356 84
12 10805 891627 795.2644668697483 132.36911305997768 57
12 18809 947948 530.6204523509483 48.0962631828115 64
12 37927 1024428 806.9158926508388 70.1633041267794 87
13 13 264914 420.13182571255237 106.39727671873968 92
13 13 264917 495.3186967316494 129.19821056154257 93
13 13 264931 488.204376448628 148.99866431232834 90
13 13 264955 537.1131311232299 266.9240772442518 87
14 14 275553 408.64496452452465 65.83457120222519 47
14 14 275556 510.981501384424 409.42447637564214 73
14 14 275563 524.7321263686448 76.22456030538976 72
14 14 275564 507.26928253147753 113.0759964326571 90
14 14 275602 401.4215817764635 84.29494628962465 65
14 14 275603 504.8799403327395 103.57323522645686 51
14 14 275614 476.3080334966412 67.78324721873116 53
14 14 275620 572.5831356804224 207.1410051054444 83
14 14 275627 583.5181845321425 401.24678006885614 80
14 14 275632 458.95331410858114 127.82368461339445 89
14 14 275660 479.3314764405115 122.0560754197635 46
14 14 275694 386.27783576882837 55.428209939179595 67
14 14 275701 457.8576525568649 90.55816274067385 46
14 14 275781 403.1641166220533 354.209015084579 86
14 1682 716892 629.86510260956 74.4072804898323 68
14 1682 716893 680.2240884788446 221.89141912179213 88
14 3749 789739 549.4313715390213 132.40503257568116 64
14 3927 794149 1115.2534570390267 180.03761813941136 62
14 6222 838027 1011.320640301581 283.46625405416427 60
14 8076 863260 988.1114091106201 194.69775819220092 74
14 8322 866240 645.0419408602436 144.29433558469935 71
14 8414 867332 1011.2048352089698 375.66471620835813 80
14 8573 869065 792.6080737626572 299.0759629937267 60
14 9390 877749 922.5240215368378 202.9753917191803 84
14 11591 898650 1006.2163100920759 206.78754690451424 77
15 15 282788 383.08923925682774 97.99849466218697 64
15 15 282791 629.0177176061895 92.89939755017546 81
15 15 282794 408.404048936222 69.94286128844632 84
15 15 282798 527.523804446598 219.34537922131432 90
15 15 282800 541.2616266072258 82.46778129537756 82
15 15 282805 541.8650446028975 111.73172291374296 75
15 15 282826 390.3387225979188 224.86634973721752 81
15 15 282829 724.0818084526301 203.54482156214544 74
15 15 282852 818.2706234690464 72.61057851346831 85
15 15 282920 516.9621110088726 35.08858364322223 78
15 8017 862551 706.30189936519 292.6959734286212 79
15 11977 901855 778.5894045885161 142.33615683644388 82
15 12666 907575 639.1682132919412 133.88358567860422 68
16 16 289391 468.34599777601653 164.22253785270078 88
16 16 289392 741.3241577312434 335.4800613777684 68
16 16 289400 690.4099325762919 188.97243076661672 84
16 16 289407 824.2607194587026 251.3275781001199 63
16 16 289410 405.67407729651165 65.0320867789829 83
16 16 289411 394.641580179586 113.30179938884896 91
16 16 289416 430.34918427964544 100.54082589733953 59
16 16 289417 709.5781196239925 133.63383261997362 62
16 16 289420 504.33068598909455 84.25705442693285 89
16 16 289421 868.7226535713944 127.77598334411545 70
16 16 289425 382.53977992823053 101.23980917802218 54
16 16 289443 579.1099253717402 58.205922030632195 69
16 16 289461 695.9790849722066 72.17515705489276 45
16 16 289491 420.11867859161237 307.0548331532076 57
16 1656 715503 822.1067258878252 352.96968653040875 71
16 1656 715504 829.5807949173578 361.2799876718713 71
16 1947 730388 768.63974819157 294.5309206107243 73
16 3400 780705 747.7599307682245 285.29895744146614 79
16 4580 808649 1166.694076593935 259.81270661207054 54
16 6710 845220 954.2317984861135 231.22629299406532 73
16 8552 868812 557.4953067872802 206.43844935966612 66
16 14088 918568 1139.4835847188629 356.98593941148437 56
16 14130 918870 979.1939366769997 97.93952633064494 70
16 52793 1065545 1858.1742425362054 127.08739534150308 54
17 17 294876 385.99170165950454 95.87663353196062 93
17 17 294878 613.048322008296 189.89168649547997 77
17 17 294896 557.5279316153138 169.83063858085575 88
17 17 294899 450.4988597724194 122.80151716049956 85
17 4824 813617 602.9944159152719 125.7213957695668 84
17 6193 837600 842.5461782596846 94.4774717897407 76
17 9344 877294 788.974752237338 108.59675018337624 80
17 18385 945580 386.04805855699493 82.37934495873391 76
18 18 300909 425.8266495291467 150.93477611413812 89
18 18 300910 506.07070838930053 226.68350055491052 68
18 18 300916 433.4687811886073 264.84288163574456 91
18 18 300920 455.02788805330385 135.77355348044415 84
18 18 300921 357.70605949578214 263.3296487413637 91
18 18 300928 482.55432215256866 59.62358094771981 85
18 18 300934 358.9625773994646 112.40526067294682 92
18 18 300935 466.0530512004005 180.2856288198934 89
18 18 300943 561.8549571908411 104.0473199993241 87
18 18 300962 624.5331749514914 141.0451068558167 69
19 19 307492 449.85066532545 242.9818406089695 98
19 19 307494 483.77753474608556 81.00317037523806 85
19 19 307497 486.7312969891601 161.95933587493738 59
19 19 307499 498.43774490589595 53.28865589567792 90
19 19 307505 454.0975651033735 177.75143582264454 92
19 19 307506 350.76455208030035 266.3669399150118 85
19 19 307507 382.5781224474168 177.6046604374112 98
19 19 307509 706.1419448156491 143.96093479718957 88
19 19 307512 677.8614421588125 122.60799807274503 43
19 19 307516 462.7123182422584 35.19677986024457 83
19 19 307517 490.8132366804926 90.37930325595153 94
19 19 307518 506.7091282234809 48.169899344724186 89
19 19 307519 521.8138615010984 97.95067522907655 93
19 19 307523 418.4931698404706 94.80615116556586 79
19 19 307533 483.5805087040187 31.739281234246647 94
19 19 307547 423.23078650426595 84.05234023177165 88
19 19 307552 391.30405508426645 121.2225717412671 98
19 19 307553 349.7110358478125 207.45556576669165 72
19 19 307600 372.7804916058176 44.67068220469453 96
19 7166 851609 689.4540518761476 265.6462744525004 83
20 20 313702 542.8373609016102 166.6562047701162 85
20 20 313703 394.96071118391797 242.32251780781485 60
20 20 313705 401.119217880576 75.089562409249 74
20 20 313706 517.7052808427784 302.98597488425514 64
20 20 313717 586.7877880487332 124.06965944785944 89
20 20 313720 454.10833066192754 74.77466599859484 55
20 20 313723 360.72085827916334 191.34065872329398 90
20 20 313745 423.15946694302016 61.87759424801417 90
20 20 313747 525.4677093776866 86.11850061793714 75
20 20 313752 402.58169299068976 29.63312049019766 84
20 6358 839963 691.1310207845 273.7509810199317 67
20 7870 860691 552.0404833999949 234.9023975027481 87
20 10670 890410 582.0813560647042 255.66030495233383 79
20 13136 911363 416.96912589917855 128.7810262980343 84
21 21 319740 409.9575867091505 66.08915445570416 92
21 21 319745 347.28215125186756 133.64776320378505 50
21 21 319753 420.1042606100476 213.09144683904523 45
21 21 319755 427.2090909869253 111.52615666429931 43
21 21 319756 629.1373368934646 43.89821910243741 79
21 21 319760 378.3109663436409 68.79737004421027 92
21 21 319786 601.3146632327787 234.7815328429016 75
21 1776 721830 730.5498892101758 133.16167977289132 82
21 3147 773790 786.3280729942854 274.68749644482364 76
21 4408 805000 637.2986569301712 173.11554295018544 88
21 9606 879946 768.4487722841386 244.28555148445128 76
21 10509 888923 706.9012567610154 162.41836441011296 81
21 11042 893780 871.299635422568 204.5978095480863 69
21 11347 896523 518.4775583529388 186.3320295712485 86
21 13640 915143 666.7119060171342 212.22318942308414 70
21 19341 950861 597.4460684342145 40.84289372428743 63
21 22550 966851 835.8385505105225 291.0284586096403 78
21 71978 1108473 1033.4731418199901 145.99915574757242 61
22 22 324127 607.9929483908253 323.85734507041013 89
22 22 324133 625.3398513508474 82.67840595364159 84
22 22 324134 594.9596481360364 220.55600018759412 79
22 22 324137 377.0156479884157 163.48646344718804 87
22 22 324141 448.5648493498634 74.8780315212158 89
22 22 324187 411.30614109105977 256.06641098734036 90
22 22 324201 371.9689337771536 24.81950264228763 89
22 22 324226 533.5818952288539 49.969805068757466 92
22 5337 823142 673.1166085827923 161.93777438706974 80
22 44283 1043111 585.2037806130015 18.281092768588007 69
23 23 329511 586.8770051217077 301.5798469195068 82
23 23 329519 413.0534355564665 284.78288399344683 86
23 23 329521 410.0682393669376 65.56325126923 91
23 23 329523 457.62271876992185 178.6191582975844 87
23 23 329528 445.9199872283879 124.20603386432057 52
23 23 329546 463.6903661013827 106.04904601995798 88
23 23 329657 356.6830221924118 25.425383660376568 52
23 331 574885 623.1687108540511 222.7818028687557 78
23 331 574887 769.2811033589136 175.7610701958392 74
23 4609 809180 543.406060404533 190.3025942875665 86
23 5220 821015 661.1181283912126 221.32886185016773 68
23 5550 826940 593.7636758293446 115.8536864990279 71
23 5550 826941 605.1028370115075 100.68759577703389 71
23 8239 865300 759.4949133717091 293.9300644923891 80
23 8440 867574 817.7077310169375 45.58493816519239 75
23 12965 909996 757.985755967749 92.60583314257936 76
23 34390 1013099 626.6869078485284 268.5753984485445 67
25 25 338449 496.9391605587901 129.9094974936879 68
25 25 338454 313.0555702092881 144.15560114441823 93
25 25 338457 338.60017479195227 197.5106527425226 91
25 25 338460 451.64148206327604 132.5833004500474 87
25 25 338461 409.80819220036494 259.793208591889 58
25 25 338467 313.6960377524117 142.16284568246164 73
25 25 338502 352.7191502891683 38.59125039349715 91
25 6167 837220 563.4592593205497 176.84062096873947 72
25 7031 849721 590.8724679975367 93.25166249774719 69
26 26 342452 299.98727837610045 120.61182732479017 66
26 26 342463 393.88017689393814 64.06183212304295 74
26 26 342478 332.34254378013355 66.66301325642114 71
26 5360 823520 385.86514567207445 148.1554682947765 72
27 27 345879 498.37175506844284 107.7251392723913 82
27 27 345883 288.567275429371 280.4423931316416 80
27 27 345885 559.7393482143748 93.77210172416729 84
27 27 345909 408.6133754846995 63.92078695068241 55
27 2016 733421 650.2892925940731 258.8787666463059 79
27 2016 733422 603.7957927768294 315.09585285175524 81
27 2413 749433 552.6690823847698 57.22122602037981 65
27 8850 872066 663.1229412079257 152.67120256862458 75
27 9170 875475 709.3591676371974 271.3798013593605 77
28 28 348907 345.13170606487313 207.91823437952718 87
28 28 348911 431.03167254202447 170.32877502513338 85
28 28 348917 536.1236575379554 92.6579277620023 86
28 28 348922 402.6460817982711 53.890356720709796 83
28 28 348936 343.8046433841463 71.30640071692811 59
28 28 348945 312.21967426797437 41.06101692111026 86
28 13636 915125 385.6377220095549 36.670531057689615 70
28 30832 1001069 958.4678854818246 68.86763019213926 67
29 29 352427 464.82112786339985 109.98960355699533 71
29 29 352431 507.5429842480093 237.03248444388507 84
29 29 352432 489.6503671556512 195.37756525602188 85
29 29 352438 348.1250525976172 69.25543213619487 85
29 29 352439 487.246646906754 83.6445099975747 87
29 22811 968040 549.9194374590813 101.21892426756378 87
30 30 355731 344.1778338993612 121.24683166768986 68
30 30 355756 313.2794178562386 79.59710942679742 82
31 31 358621 303.3554407580322 175.69652558887984 59
31 5801 831289 521.4739252230163 56.12740169560545 66
31 9140 875173 603.1642020938411 115.07349893111794 68
31 19149 949789 1032.3699070585117 90.7348182947239 65
31 27101 986677 450.13812268934856 112.01867629056606 65
32 32 360929 319.7576390860838 118.07499354885648 77
32 32 360930 293.6278997402314 130.47928007655804 81
32 32 360932 268.04924811321985 191.81450625427243 87
32 32 360935 360.46402894340144 98.65461640188128 91
32 32 360939 380.2413172787049 60.70806442058056 58
32 14721 923014 464.62900134055207 76.68100244033008 79
33 33 362999 270.15585763085346 85.15455237700063 75
33 33 363004 412.5825568427942 76.77398287050622 76
33 33 363005 469.31778399400855 195.30861451457434 79
33 33 363010 488.431090009123 78.77854358544184 70
33 33 363015 295.07750405349014 91.21372954773756 90
33 33 363023 329.7836841329669 34.390370542632574 81
33 33 363025 280.9790986999745 32.6394479848894 90
34 34 366414 400.54686006680294 137.70904563608013 70
34 34 366416 538.3390339993412 206.80343656949495 66
34 34 366438 343.2194084655064 32.35743643472012 82
35 35 368847 294.2659553084816 246.31375681612872 65
35 35 368849 463.62522327441377 216.6045639163104 72
35 35 368850 518.4885316203965 321.860902300493 62
35 35 368853 273.66376252517176 151.1119430618821 61
35 35 368855 269.82867251685286 64.88825797437637 92
35 35 368860 344.1770282383294 192.69599840872252 72
35 35 368865 355.7222193837226 206.9240571554876 66
35 35 368872 390.0623410210379 51.54884525637432 90
35 3491 783183 375.2619254182465 113.32242893792308 74
35 4928 815672 440.2658113914545 316.3755251285893 70
36 36 371129 362.66195676587574 59.233977038496405 88
36 36 371166 386.76211847455573 151.42679975352365 79
37 37 372759 441.2060331317728 56.24399897459548 86
37 37 372763 286.54236570488143 51.479426005734396 87
37 37 372769 360.3976428023635 168.5833291496745 84
37 12317 904729 423.50305073797875 98.93891347621276 82
37 21020 959348 441.4204135587158 78.81750000499478 82
38 38 375076 607.9607338523188 118.45372167934404 80
38 38 375080 271.34532455203646 40.7191026252239 63
38 38 375081 291.79636880812853 121.52241566791547 67
38 38 375084 373.74603363279994 145.55121825326563 73
38 38 375085 267.0553812604349 130.06596772439363 77
38 38 375090 474.7941906105213 101.21427200460356 79
38 5617 828104 429.5726755669522 123.1648120318931 76
38 8429 867487 557.7639719787394 171.0870052537574 81
38 13687 915476 703.9731828610377 81.65137432971744 78
39 39 377660 232.6919869505945 117.73260447304246 75
39 20301 955837 461.0387435818123 132.47169601141454 70
40 40 379810 267.73437363218557 59.00089689963143 89
40 40 379816 298.68179137670916 34.188265887787615 89
40 40 379822 262.85377574209394 42.1500477565436 58
40 2587 755678 625.4037056281549 247.26765253908061 68
41 41 382217 368.0715299001634 115.70864214985872 81
41 41 382218 299.4959909619742 137.34938750517554 78
41 41 382220 304.92815816291056 48.04665876634523 59
41 41 382221 364.58620267658085 91.20856594882635 75
41 41 382224 259.65933304674655 247.7347401250857 92
41 41 382234 245.46228558085687 14.368482754326463 62
41 41 382240 294.8818818082081 80.67025513456966 71
43 43 386278 262.1041146081672 51.806652664053736 93
43 43 386294 266.91682378657305 53.24598334838804 94
43 43 386298 305.9670200900948 108.69813047764869 93
44 44 388551 320.21485335182206 163.73864054408955 92
45 45 390936 278.9138882007312 54.45586491044405 86
45 20427 956425 603.2611773483382 158.55891589428302 63
45 43034 1039581 412.38539127556396 287.7548683079477 69
46 46 392289 383.20533670360726 112.8903289896638 82
47 47 394627 313.2878366865248 124.72553901670585 92
48 48 396630 358.88275391092213 75.94982217412526 88
48 48 396631 396.1243738161665 45.989460940286364 88
48 48 396633 251.85742441199804 213.47609775223884 87
48 48 396641 452.0636190017949 50.731650055786794 88
48 48 396646 277.1967550596958 71.15683413380133 38
49 49 398788 366.3288917538361 68.12698322874118 89
49 49 398797 294.25725484896714 108.90646885065887 51
49 49 398799 322.45532636320337 49.847882004474684 76
49 6490 841934 404.70898109011614 265.848342455851 83
50 50 400978 386.77148251583907 227.32033921559625 81
50 50 400982 249.2512380861929 83.08976303928077 85
50 50 400984 532.2410088062344 96.50548636697181 71
50 2563 754907 718.9718876251786 92.89731236441263 74
51 51 402562 246.37965906577432 119.95754508187599 74
52 52 404822 266.9092792017067 149.2208266380369 90
52 52 404823 245.33206580014286 40.24638061361963 91
52 52 404825 312.29734366365494 251.24920034708336 89
52 52 404829 362.716088611327 41.96326315796356 91
54 54 408538 412.0130316886227 106.19405926254184 84
55 55 410038 236.4250795438265 70.15710171392799 82
55 55 410041 265.081520295821 203.45958021496554 82
55 55 410043 308.04394415927595 68.82823396256273 86
55 10597 889766 824.3962942662952 214.47344283447873 59
56 56 411458 361.50251230973487 40.93659578445875 84
56 56 411461 245.36014067654202 206.76197228599304 91
56 33462 1009936 337.9214425975178 49.16662546360854 70
57 57 413379 295.61166765985513 83.35760902314595 85
58 58 414922 393.34495039341743 65.13445378839451 85
58 58 414923 257.9276579931134 189.574309431788 93
58 58 414924 275.4397371987655 42.69045214966025 88
58 58 414925 208.4549765333419 29.737828946629318 93
58 58 414926 256.3385651066525 54.052109618397125 73
58 10894 892468 312.36234702640417 44.64133297656239 83
59 59 416716 467.83643058364964 133.2180941460662 78
59 59 416720 221.0493282312222 91.61629145976082 93
59 59 416725 227.13905531999586 98.74326767003537 58
60 60 418340 245.67189437845755 68.46873885711342 77
60 60 418342 311.5796635192194 49.373418314262544 91
60 6764 846035 403.9333132480084 55.93697461781904 89
60 39735 1029912 327.1986820558153 82.52841908497362 78
61 61 419621 423.45342912842847 151.32415260217584 69
61 61 419623 551.0218508173019 54.966648046437555 71
61 61 419625 417.96595910283173 164.67090464298028 81
61 61 419626 260.7213538610347 52.51081431588342 90
61 61 419628 271.29987750671074 204.04548878355513 88
62 62 421557 251.26704614613493 85.41170437672669 79
62 62 421558 322.7933943553572 155.92261248447699 60
62 62 421560 554.9908545488047 59.78595242548098 80
62 62 421562 233.61775175865293 34.951038664963384 73
62 62 421564 271.74004373148153 94.16821334603921 59
62 62 421574 226.71572647234424 58.995300695805746 81
62 62 421582 259.2618390196965 29.971198688982934 90
62 35713 1017433 429.9505524348846 46.782022871157906 57
63 63 422757 324.61839976925216 98.92194533838915 81
63 63 422761 292.91768795249595 142.86807381035914 72
63 63 422764 334.848421791371 148.86902966126527 64
64 64 424298 368.05784455003055 87.64074339223595 83
64 64 424334 245.9028631193541 127.43288483244328 92
64 5738 830247 443.7209172908195 135.21228607152347 70
65 18901 948417 496.6025550238843 82.13162330151876 66
66 66 427212 315.7958728271757 138.40277158630087 85
66 66 427216 254.11356824539348 196.7342068684565 69
66 66 427217 213.44838918049956 156.67335965624966 67
66 66 427219 249.50975760604032 210.30911204087633 92
67 67 428183 300.6537110130571 50.22031721555001 80
67 67 428184 229.60556255341191 119.70074940943223 77
67 67 428189 187.60846374549664 62.55551123669269 63
67 67 428195 194.59087660202465 37.97225119691897 62
67 6901 847964 330.9703307900593 47.764181218212975 77
67 6901 847965 360.56528088176174 39.438365316192765 80
68 68 429477 271.85117352491784 44.91819210446469 90
68 68 429480 305.0349829450919 170.30260579058236 74
68 68 429482 213.82232648787522 59.011475053292756 54
68 6434 841131 482.1077026081024 47.25627780767682 86
68 9931 883291 1016.5892922230196 130.66801773722213 48
69 69 430867 192.58897575961345 167.73142472734335 94
69 69 430869 323.62868443731156 113.51438738679263 68
69 69 430872 353.273555329322 205.90474357754456 71
69 69 430877 223.95785561964558 140.71932383502252 80
69 69 430881 313.8848665875057 72.22500801125994 73
69 69 430893 238.90847880669187 25.957376461445993 88
69 69 430933 194.45356459975986 168.45020860278063 92
69 14027 918121 454.3063523436417 43.12841924850713 72
70 70 432111 309.4146155191687 60.71671152349688 78
70 70 432113 356.7354467319979 127.53815037539935 79
70 70 432114 208.83592800143072 100.57187661506195 74
70 70 432115 220.18545178714905 92.99365680350718 63
70 3200 775325 527.2113028117853 130.26957300771093 73
72 72 434358 258.98953561741865 76.08721176351064 90
72 72 434365 216.8315456511186 38.48229634118758 63
72 72 434372 284.75827193867434 59.79355097159699 84
73 73 435754 217.76759367159207 107.32079676357583 90
73 73 435755 297.70657875036954 71.66359715948478 81
73 73 435756 337.9423894597273 152.8357344299755 66
73 73 435759 223.41120823821973 98.34664506411711 89
73 73 435767 223.37341232888312 116.29289127052692 90
73 73 435770 236.44496182135734 28.745219023860926 90
73 16327 933505 321.493372064262 45.52960466018451 62
74 74 436934 224.65803606716514 92.42299238546853 62
74 74 436935 236.72543842397144 87.0299870342888 85
74 74 436942 212.7254756504793 162.72161589593793 95
74 2822 763684 873.7375630684659 221.4274403232919 63
75 15451 927920 461.0608244714624 86.17193803828157 78
76 10791 891524 626.8353359951467 71.82178951833126 65
77 77 440411 307.5044715122042 47.56737334941216 86
78 78 441723 200.23342274451676 98.27865376886831 87
79 79 443055 213.7126098054201 154.64361139539568 96
79 79 443059 230.37435354968986 79.50516145373471 85
79 10096 884955 969.5488348274338 224.0390046084331 60
79 13999 917928 597.9397620031427 119.06259611831749 68
79 15709 929530 603.7613352973176 69.76737644778002 73
80 80 444138 254.41348756748334 109.59076075505918 86
81 81 445628 393.0953859076383 126.03267918009787 71
81 81 445629 276.38573513291334 190.3599620748355 87
81 1502 706835 596.6108806992628 179.03698007499736 71
81 3039 770462 539.3366911366684 193.20023975554886 67
83 83 447916 405.735838092348 171.87358922760853 76
83 83 447917 311.35665931422824 82.97028526710443 74
83 83 447927 295.29380231813195 46.43992228499029 52
84 84 448831 364.9342995235581 78.75332498948482 75
84 627 629410 735.6009421512115 93.98843363356403 63
84 5169 820135 455.91111772540165 83.71121383528818 74
84 5846 832070 458.110570628833 234.44395860538293 66
84 5995 834577 493.0142015496993 94.514779040271 78
84 11500 897793 551.1919364261872 99.57336481443595 74
85 3742 789566 371.9835640342475 124.34972556482332 79
85 9370 877526 446.56613889350143 156.87936825692657 73
86 21886 963556 345.8255358841091 30.034723277499275 82
89 89 454176 250.88526805017742 67.1744489050216 84
89 7615 857357 346.396763514669 189.22496119037785 70
90 90 455294 360.98046822161996 104.41720878864238 89
90 90 455300 249.90281243850148 81.24722736029427 83
90 12479 906103 407.01798562839946 153.13391026321918 84
90 14674 922737 352.4536289313461 188.67198990275358 81
91 91 456335 272.1582647904524 81.91818110235793 80
92 92 457433 349.47512121975507 179.05603041220795 89
92 92 457436 206.52114397842234 172.03111943682603 87
93 93 458480 218.22124096834756 60.29923462136855 81
93 45690 1046884 307.5837681251442 23.591265536228235 81
94 94 459560 196.31869941062988 104.5159221729919 49
94 94 459561 144.16234180968004 115.62061858252727 96
94 94 459562 153.5188441933463 124.49040559008704 87
94 94 459564 273.88525928553776 77.38326326534536 93
94 94 459600 392.083588076653 20.371846897031546 89
95 95 460734 213.4433818850044 27.12991302577531 74
96 96 461788 232.30838247965247 119.48006665601169 58
97 97 462712 266.3364025921037 205.16958139282306 86
97 97 462734 243.16464934668141 10.66394105499758 86
98 98 464166 300.53143034464796 145.84339652663334 85
98 98 464167 462.00014069790365 25.42384065368536 82
98 98 464183 412.378367483977 61.06132351572628 65
99 99 465258 248.8443344896909 39.313426481406886 85
99 99 465265 210.75083696916394 86.82122332670906 81
100 100 466553 200.9146565553394 64.25935134668354 81
100 6985 849146 453.5296092266882 112.10545057917811 78
102 102 468593 241.97517381171755 70.30879449871335 91
102 3950 794693 355.53340517772114 43.6031422331437 75
102 8852 872085 398.9755117602771 151.76452466655581 59
102 10337 887217 372.557058339726 159.12591998365485 69
103 103 469489 471.8850733610224 119.22798423751782 73
103 103 469504 180.19611034535055 106.57887007191852 92
104 17968 943276 428.54024741692393 127.8583881704173 43
105 105 471253 325.6611161087614 194.66684492094336 79
105 105 471254 274.2118820365011 57.49874226397023 86
105 6998 849285 444.65080883416255 204.0563587801021 52
106 106 472003 208.67549808488909 42.85573240593174 90
107 5870 832478 384.0858808485252 82.01300615579785 74
107 5870 832479 337.3152185132254 135.07328920638324 70
108 108 473333 361.04020048629974 119.49977107006156 77
111 9931 883291 345.4029745728169 161.59983890638725 80
112 112 476268 166.53903482988702 100.10751454884257 84
112 112 476269 179.78344788874648 158.18844571654193 91
112 112 476270 236.50849573469344 32.742641641520606 90
112 112 476271 220.84101021528522 16.857652577967464 86
112 112 476274 186.16792969487253 49.44568374356998 78
112 112 476282 178.6783674213949 68.05743404412557 88
113 113 477335 207.50602139847888 113.29963239861 90
114 114 478221 176.48385606801747 128.95556159093866 89
114 114 478223 222.4943536277724 50.80550232171816 90
116 116 479943 207.90177953269506 145.05406212416358 89
116 116 479947 253.70445394429296 34.36295842891448 76
116 116 479952 188.42752875774283 45.99358173872988 79
116 10468 888526 398.96785291079533 90.98859241792519 73
117 117 480805 273.40103499880087 172.23027468215292 58
117 117 480808 352.676310108737 121.96175194968617 75
118 118 481431 337.73523940241137 67.62327610152532 84
120 23561 971510 271.74283066094864 27.66198408953218 77
121 121 483597 199.0798326932094 56.35283846133153 92
121 5168 820122 319.9609152766748 157.01907913033213 49
122 122 484449 181.21138294162756 54.24235853530575 92
123 123 485058 182.02988699865247 104.33464393970677 95
123 123 485059 284.2323965293478 98.55934856942636 80
123 123 485060 163.7240333061437 72.27395739547225 95
123 123 485061 196.30022496246022 69.58973356800848 93
123 123 485064 266.7572522737198 116.23338230271688 59
123 5571 827307 305.82555173975214 152.6128630690123 80
125 125 486920 179.8596905945889 156.13258283539525 94
127 127 488532 234.4288854722259 149.13804672994036 90
127 127 488533 307.13320667199923 74.92854709928757 77
127 127 488536 229.18409119362977 80.53644719966958 82
127 127 488538 240.5515639767088 62.165329060554576 79
127 10430 888198 441.3868112423296 114.97352202399281 78
128 128 489207 187.8620585174013 96.00277833097137 84
128 128 489217 257.5110500890569 23.578446959262227 87
132 132 492245 258.96813704780743 57.73738416126207 86
132 132 492246 266.09693003090996 77.71111510124096 73
132 132 492249 171.44338601994932 128.8590503076575 73
133 133 492878 207.11698788494445 118.99964221932618 64
133 133 492879 239.67155157990436 51.53867524865883 81
134 134 493434 181.3604070049577 80.41592357338288 75
135 135 494015 200.96631913278713 80.36141088770954 70
135 16467 934400 386.6567464498652 53.02421865791354 63
136 136 494713 195.0370805746237 71.43235513311375 92
136 136 494714 268.66577918171924 65.73339819811444 68
136 12854 909181 376.1555217759006 169.40783670396937 78
137 137 495453 282.7158117697158 116.37028813477815 80
137 137 495454 258.6615526670421 95.52190814951007 78
138 138 496188 219.31898935522403 57.545638838372504 76
138 138 496197 220.88566731986876 42.744925214483615 85
140 140 497561 202.32768275976844 59.579270362599246 75
141 141 498524 178.71168766919052 42.132180617856974 89
141 141 498537 225.11452814345415 27.95350335399774 84
143 143 499708 189.45765692066695 27.728686765381912 90
143 143 499717 188.22268150260544 31.971355969665453 76
145 145 501211 182.35000257060597 73.63519561068125 61
145 145 501213 229.33986583913045 52.97745484249064 83
148 148 503013 249.32190655042228 173.65978470905495 62
148 1813 723708 519.0820488139412 55.52559806985986 82
149 149 503440 226.00013503349118 172.22754061017335 82
149 3862 792578 381.50813406775916 138.42326945235365 53
150 3071 771368 410.375313523144 172.7862646789922 59
150 5940 833623 845.1510266292646 149.96096660100005 61
151 10730 891022 361.8430334542521 117.94961676444376 78
153 153 505587 382.8619763945618 133.30361129092913 59
153 1987 732169 709.8582164770652 171.53343795573522 61
153 1987 732170 715.64370881658 125.342728391187 61
155 155 506723 260.52883230256396 110.58012750765562 82
156 10248 886351 209.3076652453721 132.24969736219654 82
157 157 507796 154.78324433213908 27.67708183253156 90
157 18905 948435 400.9029700641416 63.81268316498566 79
158 158 508541 155.72945332206277 38.09519198460286 65
159 159 509094 156.3668732822224 41.47487606055359 84
160 160 509711 184.70620377742375 69.4722862699243 84
161 161 510280 185.59007885165647 85.68044652086976 86
162 162 510587 170.75354304065698 15.072568606892617 76
165 165 512426 209.79494910401363 45.25078974082076 88
165 27040 986444 399.08403885442397 140.96636584732337 70
167 167 513849 195.792597124782 61.64458607757685 66
169 169 514830 180.02763527550604 97.5089119775165 90
171 171 515696 180.7712427005468 59.77536994822792 58
174 174 517273 179.89365297140012 118.27621009802685 91
175 167 513847 839.737658996844 128.25988184166965 40
175 1779 721947 1329.7492105245353 76.99564339339273 75
175 4846 814011 1055.041468379324 105.30444652881584 73
175 5275 821929 1145.5955640674997 162.90933383267114 72
175 5346 823293 364.82985385741796 134.51327914233968 73
175 5485 825800 1173.3496937853822 78.84622417110434 69
175 7533 856371 1109.6687447813115 211.0306099478484 68
175 8057 863044 405.5518640730492 92.16514940260389 48
175 11954 901658 1192.3402137404971 55.149005533003916 69
178 178 519313 217.7877875036665 136.27786647460087 92
181 181 520888 242.48995629974038 85.46250584194894 82
185 185 522986 158.36127993581687 155.45728915042872 92
186 186 523551 177.91474089938947 112.52649956453833 77
189 189 525005 161.28588699684903 49.2847573260486 85
191 191 526033 245.48393293273799 60.414878864364205 81
192 2411 749339 267.6946557954698 122.69572414170042 87
195 195 527842 156.5650651611216 47.633733954768154 90
195 195 527844 154.18312579298967 79.32142477120777 74
197 197 528843 138.50435832633798 13.559161078459512 59
202 202 531321 167.44823236588954 93.50427205734962 91
202 202 531324 166.19610998051743 28.08098443808049 89
204 204 532302 170.54315007152803 25.865446971701424 80
204 204 532303 159.59873159569008 31.33712744230794 93
204 204 532304 223.09553978743475 57.91175960180283 88
207 207 533592 229.53180126853687 95.31105371597367 82
212 8096 863506 455.4132116653787 82.65545250087861 72
212 18947 948662 216.0754624402086 45.738912270659924 78
214 214 536655 227.58598134825883 83.51389585441007 87
214 214 536656 212.81796523819364 54.598974256347304 76
222 222 540083 255.99137339362264 163.31780168035303 78
222 222 540085 175.97858090546134 130.49537293865419 92
225 225 541219 220.86423350908288 22.45656092720718 73
225 225 541224 189.19844802316695 26.361680269768613 56
227 227 541848 195.54370128267524 111.45151118900756 84
230 230 543116 181.743929629111 53.04689398471678 79
233 233 544006 314.2143033312913 133.3369289358428 73
233 233 544007 169.67839812145357 56.44116969550401 56
235 235 544699 215.2360100890706 27.55408866713997 89
238 157 507786 648.3686017613745 116.21334241209074 62
242 9197 875758 326.9921877799845 135.09495087512755 70
247 247 548791 166.58379440027537 88.34072232801556 79
251 11802 900394 275.14132199710116 28.412864460518698 78
252 252 550476 143.61735898136146 99.63761731974651 76
252 252 550477 232.48561665333963 61.41833246767899 80
254 79 443056 524.8395141612339 136.92426049752092 82
254 79 443059 530.4513397766563 79.50516145373471 85
254 79 443062 621.8855401116832 62.16565677275939 82
254 79 443068 476.3586244233435 125.6696693068435 91
254 79 443099 620.9076906848252 13.512052454140248 85
254 254 551192 250.81460934666217 123.22149786713798 73
254 254 551193 183.55298749611785 121.29441438474197 96
256 256 551976 198.60368195315908 70.12656165575355 85
263 17653 941465 320.60872811414345 44.10968832566166 58
271 271 556701 235.5331531036289 69.57657957213243 84
274 13179 911685 269.65570235940015 64.41695351020671 58
276 276 558411 197.84833181592344 45.36944125676634 71
278 278 559037 138.46245392092374 56.131054795897064 82
279 279 559387 164.84112233169327 152.8103335736003 68
296 296 564827 187.32523463290642 130.02552145816892 71
296 296 564831 170.33183790820783 29.88393890850903 88
310 310 569252 152.73640024232722 73.96413604180175 87
313 313 569880 157.57181076993564 56.715719077935915 88
314 314 570321 262.9679450745257 52.46525208546702 74
315 315 570599 280.51039123327274 66.68312134172335 71
315 315 570600 164.99188619373265 68.97051814396406 85
315 322 572329 875.9317717436672 154.22512354642532 66
315 322 572331 1034.8766306304342 48.87292913161945 60
318 318 571456 158.8909082979454 58.182973257433275 86
320 320 571911 221.4103414627253 66.50261482318054 77
322 315 570599 856.5982389479622 148.48090997647276 59
322 322 572329 159.213646109314 137.8093759610833 69
328 328 574041 137.8896804146117 106.25231040686539 54
330 330 574616 124.82415512291055 40.41842630757244 87
331 23 329512 806.8428646292442 172.5179232366615 98
331 23 329513 832.9060377818362 127.70175089879226 92
331 23 329514 762.1002249899205 317.63343229964494 98
331 23 329515 790.3096011216111 281.4136524741259 98
331 23 329516 653.0701875923253 13.498393528333812 93
331 23 329517 549.1229985978047 220.37423780355996 98
331 23 329518 879.3049745573204 258.5841973311111 98
331 23 329519 884.7549669008298 316.12905422037966 92
331 23 329521 672.350169182696 124.8872807204248 92
331 23 329522 689.8224281812494 45.45284032224362 94
331 23 329523 694.8436769170189 284.0454980913479 92
331 23 329524 647.8205476164387 64.69601688063746 98
331 23 329525 738.6182005552031 62.744516444642954 97
331 23 329526 822.1578903590766 53.27502884776759 93
331 23 329528 1034.670634678314 322.81643061649845 92
331 23 329532 497.7210472802629 291.17321110841823 98
331 23 329543 665.2011577878271 214.8343407030461 98
331 23 329544 856.9091532216236 70.88611527733289 92
331 23 329545 815.3437245482155 69.53438055298932 93
331 23 329546 823.018970961484 254.83042002231602 92
331 23 329576 667.0095737576598 56.28733963033901 98
331 23 329584 458.8286844986372 144.60593973837032 92
331 23 329596 769.0565636199167 74.48692237718383 95
331 23 329629 675.1169444413871 39.48691641535414 97
331 23 329657 801.797519609017 252.1743006923733 92
337 337 576256 186.07533608913243 99.28892297725193 86
342 342 577577 189.41270058414278 145.2022929412505 61
342 15988 931341 178.34638688748453 49.47610656055957 59
350 350 579760 142.97369873820776 46.01925670754623 90
352 4392 804712 277.4425193846466 119.16020945591748 68
353 353 580407 249.83291828849713 81.59537892814002 83
353 6108 836364 242.92020013332052 22.064420621877893 79
355 355 580908 179.15342300556074 114.24109893783164 79
372 8692 870364 365.47809615561266 60.822144365990624 73
375 375 585518 137.6534319066322 86.05806032030789 89
379 379 586422 131.48372433388656 117.84699998418898 78
380 1684 717017 409.9848993265255 114.94825403083044 79
381 2959 768131 526.0941500221229 28.077782630425187 78
383 383 587259 118.50950359108863 49.577441778563816 85
389 389 588649 124.83838044078874 95.64769727823513 84
398 398 590386 125.02084903031471 72.85263362148233 80
399 399 590570 183.15443982640716 25.18783152624753 87
400 12098 902923 930.5247100222078 22.142462181049535 80
403 403 591470 162.5880966127479 96.43323108374507 93
411 411 592987 119.84499800727306 61.71837124092641 90
415 415 593906 113.76415605596077 29.372235513019564 89
419 419 594735 113.40898428821748 20.875145095046832 92
439 10476 888600 425.3223279368267 98.252842340293 69
442 3879 792996 423.147185995163 19.490775445159006 74
456 456 601863 170.4384282152942 77.4752370342655 85
471 574 622161 572.8127079923245 114.40196302103564 79
479 479 606040 107.7176870233308 56.6732532974131 92
492 15893 930733 349.1969218569588 5.648002555003682 66
519 0 156 789.2175515977834 416.8857675239855 89
519 0 201 884.9090392873721 170.9032047549367 92
519 0 286 915.2874161700349 409.6692227521034 88
519 0 432 808.3263259468603 642.6788600751545 80
519 0 2378 961.6217904959011 51.183344671177124 63
519 3198 775298 421.8729432820236 396.1146555134006 83
519 4099 798250 383.5426086071631 227.06230121985 81
519 4893 815008 473.1769786506947 339.5057500203421 78
519 5226 821079 416.91644752725944 278.5407899746238 83
519 12891 909452 900.2694952415636 283.22907445769766 80
519 16436 934186 809.0366836360081 141.77168465983982 82
519 23902 973093 484.5395588703363 128.69794059000856 85
519 33688 1010734 955.8660141013817 75.57251639668742 49
519 35340 1016184 444.98968343027343 150.17642294252616 82
519 38525 1026324 885.827475600255 126.68361777937933 81
519 54814 1070479 627.9718831565282 65.43769007147844 84
546 546 617720 167.85701734358435 87.31254307848906 69
549 2528 753698 579.1853249392633 100.4836843731126 77
568 4 143910 426.82764767563094 126.47931873000522 75
572 7746 859022 303.75965656268136 75.75429540359231 84
602 602 625927 125.7848845190149 36.01789495964775 89
627 122 484449 279.3545620058433 71.53900405766423 90
627 122 484464 537.7656329448382 29.024970978057837 82
